1644393520.1761212
1644393524.093392
1644393524.171836
1644393520.144852
1644393523.8200479
1644393523.772462
1644393520.7624197
1644393520.0091727
1644393520.048811
1644393526.985892
1644393520.717815
1644393526.6600938
1644393526.699074
1644393521.1585903
1644393521.440004
1644393520.9487424
1644393520.9696276
1644393521.0572226
1644393522.3944864
1644393521.4088078
1644393525.0770526
1644393525.0404718
1644393523.0589716
1644393522.3021142
1644393527.108172
1644393527.1467059
1644393523.0784335
1644393526.8169825
1644393526.9447396
1644393523.5404534
1644393523.455463
1644393524.5844662
1644393524.6868026
1644393527.4151273
1644393523.6767225
1644393526.9111023
1644393526.362986
1644393524.8983343
1644393525.0119584
1644393526.5604188
1644393526.5178077
1644393525.657692
1644393526.101755
1644393526.7564168
1644393526.7915313
1644393052.8932295
1644393052.9784834
1644393063.9984493
1644393061.733963
1644393054.9634545
1644393054.933193
1644393060.32043
1644393060.356919
1644393055.0735254
1644393080.1509788
1644393080.6567245
1644393073.0853982
1644393073.116151
1644393071.268095
1644393062.0250747
1644393062.064765
1644393059.9561915
1644393059.9333074
1644393062.7272453
1644393057.1638734
1644393062.68922
1644393057.1011035
1644393059.693975
1644393059.6442978
1644393061.940986
1644393061.8985746
1644393059.1594675
1644393059.1975467
1644393069.2101526
1644393069.4498632
1644393060.4181783
1644393071.4540434
1644393063.8445911
1644393063.8847902
1644393076.1491861
1644393076.2713578
1644393062.5855849
1644393062.6231964
1644393063.636263
1644393063.6344914
1644393063.6321788
1644393066.886529
1644393063.639571
1644393071.4202883
1644393064.0409214
1644393064.1091146
1644393072.855978
1644393066.4120393
1644393066.44608
1644393064.5974045
1644393065.8599224
1644393065.8128433
1644393073.2559693
1644393065.2964108
1644393065.345088
1644393065.4247813
1644393065.4573953
1644393065.4982488
1644393065.5569935
1644393078.1443825
1644393078.031481
1644393079.3174987
1644393070.0846236
1644393070.1222842
1644393068.972622
1644393068.9331815
1644393067.8008196
1644393067.8363469
1644393073.22781
1644393070.6753514
1644393071.6843007
1644393071.8234258
1644393071.7215824
1644393071.8679097
1644393074.0089948
1644393074.0433497
1644393071.5322292
1644393071.56858
1644393076.943941
1644393077.6081073
1644393073.0458996
1644393072.9573686
1644393076.3884091
1644393073.388072
1644393077.040657
1644393077.0816002
1644393078.0759034
1644393078.117794
1644393074.7613063
1644393074.7922006
1644393081.222571
1644393078.2788885
1644393081.744976
1644393081.780457
1644393074.9733033
1644393075.0043387
1644393075.035146
1644393075.0728393
1644393075.109066
1644393075.1414897
1644393075.180025
1644393075.2120142
1644393075.2478342
1644393075.2844684
1644393081.5010195
1644393078.777293
1644393081.5754461
1644393078.852669
1644393075.4771707
1644393075.5128438
1644393075.5488415
1644393075.5952878
1644393078.9356117
1644393078.9854438
1644393075.711418
1644393075.7620165
1644393081.592532
1644393079.1148937
1644393076.4208906
1644393081.5338166
1644393077.529718
1644393081.4583232
1644393081.1312034
1644393081.1946123
1644393078.6645293
1644393078.393665
1644393078.4582841
1644393079.3235803
1644393079.3408298
1644393079.607522
1644393079.5228357
1644393079.6197386
1644393079.6521726
1644393080.9041338
1644393079.816783
1644393079.8770194
1644393080.718259
1644393081.8864374
1644393081.248506
1644393081.325043
