1644304439.5294833
1644304439.5647614
1644304439.5661643
1644304439.5671895
1644304439.5704381
1644304439.572789
1644304439.6013045
1644304439.61795
1644304439.6210437
1644304439.649072
1644304439.6768863
1644304439.6796749
1644304439.6825068
1644304439.6866245
1644304439.6879315
1644304439.711087
1644304439.7702446
1644304439.7768655
1644304439.7808073
1644304439.800156
1644304439.833192
1644304439.8345423
1644304439.8467057
1644304439.8899715
1644304439.9280825
1644304440.037077
1644304440.1171725
1644304440.1288018
1644304440.1349442
1644304440.1497316
1644304440.1634984
1644304440.165558
1644304440.2593167
1644304440.2688563
1644304440.276926
1644304440.3589447
1644304440.3689442
1644304440.4768844
1644304440.480717
1644304440.6189659
1644304440.6248858
1644304440.6633012
1644304440.7339313
1644304440.7758808
1644304440.7809598
1644304441.0254476
1644304441.032601
1644304441.0367427
1644304441.0529232
1644304441.0704455
1644304441.0720232
1644304441.2728453
1644304441.2741494
1644304441.2782574
1644304441.2846746
1644304441.2882192
1644304441.4847682
1644304441.486543
1644304441.500741
1644304441.5489552
1644304441.5530424
1644304441.5791392
1644304441.584927
1644304441.669641
1644304441.6705537
1644304441.673057
1644304441.6767695
1644304441.7263644
1644304441.8169267
1644304441.8198707
1644304441.9069872
1644304442.1413035
1644304442.1424458
1644304442.2816405
1644304442.2961316
1644304442.3120887
1644304442.516882
1644304442.5966873
1644304442.5992498
1644304442.6248224
1644304442.6301854
1644304442.6368465
1644304442.6392193
1644304442.703549
1644304442.7092524
1644304442.762925
1644304442.8056395
1644304442.8075917
1644304442.8116739
1644304442.8587396
1644304442.861011
1644304442.897439
1644304442.9127252
1644304442.9166193
1644304442.92072
1644304442.9390907
1644304442.944827
1644304442.9527092
1644304442.9554434
1644304442.9580915
1644304442.968816
1644304442.9705338
1644304443.0004272
1644304443.010727
1644304443.1212025
1644304443.1249132
1644304443.180126
1644304443.2081218
1644304443.2097733
1644304443.277559
1644304443.2821314
1644304443.2977943
1644304443.3009913
1644304443.481292
1644304443.6498811
1644304443.6623874
1644304443.667381
1644304443.6718428
1644304443.6813676
1644304443.6826656
1644304443.6839576
1644304443.7638035
1644304443.774822
1644304443.802141
1644304443.834958
1644304443.847881
1644304443.8496008
1644304444.0494075
1644304444.0526836
1644304444.098799
1644304444.1088061
1644304444.273588
1644304444.2766962
1644304444.2899456
1644304444.3028588
1644304444.3057373
1644304444.3098712
1644304444.3110206
1644304444.3121734
1644304444.3133752
1644304444.314805
1644304444.315933
1644304444.3184764
1644304444.319981
1644304444.322185
1644304444.3250237
1644304444.412754
1644304444.414581
1644304444.4183533
1644304444.4207034
1644304444.4250095
1644304444.4316
1644304444.446542
1644304444.4476938
1644304444.4487138
1644304444.4497223
1644304444.4508195
1644304444.452211
1644304444.4542522
1644304444.4555538
1644304444.4568172
1644304444.458023
1644304444.4592085
1644304444.5691125
1644304444.6328714
1644304444.7055244
1644304444.7251825
1644304444.730958
1644304444.7328823
1644304444.7407796
1644304444.78898
1644304444.792974
1644304444.92026
1644304444.9215202
1644304444.9223855
1644304444.9242144
1644304444.9769044
1644304444.9808168
1644304444.9823604
1644304444.996656
1644304445.0001402
1644304445.2411458
1644304445.2487457
1644304445.3308973
1644304445.337114
